% Conversions
PSI2PA = 6894.75729;
LB2KG = 0.453592;
FT2M = 12*2.54/100;
IN2M = 2.54/100;
DEGF2K =  5/9;
